0.3333333333 0.3333333333 0.3333333333 0.3333333333 0.3333333333 0.3333333333 0.3333333333 0.3333333333 0.3333333333 
0.4082482905 0.4082482905 0.4082482905 0.0000000000 0.0000000000 0.0000000000 -0.4082482905 -0.4082482905 -0.4082482905 
0.4082482905 0.0000000000 -0.4082482905 0.4082482905 0.0000000000 -0.4082482905 0.4082482905 0.0000000000 -0.4082482905 
0.2357022604 0.2357022604 0.2357022604 -0.4714045208 -0.4714045208 -0.4714045208 0.2357022604 0.2357022604 0.2357022604 
0.5000000000 0.0000000000 -0.5000000000 0.0000000000 0.0000000000 -0.0000000000 -0.5000000000 -0.0000000000 0.5000000000 
0.2357022604 -0.4714045208 0.2357022604 0.2357022604 -0.4714045208 0.2357022604 0.2357022604 -0.4714045208 0.2357022604 
0.2886751346 0.0000000000 -0.2886751346 -0.5773502692 -0.0000000000 0.5773502692 0.2886751346 0.0000000000 -0.2886751346 
0.2886751346 -0.5773502692 0.2886751346 0.0000000000 -0.0000000000 0.0000000000 -0.2886751346 0.5773502692 -0.2886751346 
0.1666666667 -0.3333333333 0.1666666667 -0.3333333333 0.6666666667 -0.3333333333 0.1666666667 -0.3333333333 0.1666666667 