0.2500000000 0.2500000000 0.2500000000 0.2500000000 0.2500000000 0.2500000000 0.2500000000 0.2500000000 0.2500000000 0.2500000000 0.2500000000 0.2500000000 0.2500000000 0.2500000000 0.2500000000 0.2500000000 
0.3266407412 0.3266407412 0.3266407412 0.3266407412 0.1352990250 0.1352990250 0.1352990250 0.1352990250 -0.1352990250 -0.1352990250 -0.1352990250 -0.1352990250 -0.3266407412 -0.3266407412 -0.3266407412 -0.3266407412 
0.3266407412 0.1352990250 -0.1352990250 -0.3266407412 0.3266407412 0.1352990250 -0.1352990250 -0.3266407412 0.3266407412 0.1352990250 -0.1352990250 -0.3266407412 0.3266407412 0.1352990250 -0.1352990250 -0.3266407412 
0.2500000000 0.2500000000 0.2500000000 0.2500000000 -0.2500000000 -0.2500000000 -0.2500000000 -0.2500000000 -0.2500000000 -0.2500000000 -0.2500000000 -0.2500000000 0.2500000000 0.2500000000 0.2500000000 0.2500000000 
0.4267766953 0.1767766953 -0.1767766953 -0.4267766953 0.1767766953 0.0732233047 -0.0732233047 -0.1767766953 -0.1767766953 -0.0732233047 0.0732233047 0.1767766953 -0.4267766953 -0.1767766953 0.1767766953 0.4267766953 
0.2500000000 -0.2500000000 -0.2500000000 0.2500000000 0.2500000000 -0.2500000000 -0.2500000000 0.2500000000 0.2500000000 -0.2500000000 -0.2500000000 0.2500000000 0.2500000000 -0.2500000000 -0.2500000000 0.2500000000 
0.1352990250 0.1352990250 0.1352990250 0.1352990250 -0.3266407412 -0.3266407412 -0.3266407412 -0.3266407412 0.3266407412 0.3266407412 0.3266407412 0.3266407412 -0.1352990250 -0.1352990250 -0.1352990250 -0.1352990250 
0.3266407412 0.1352990250 -0.1352990250 -0.3266407412 -0.3266407412 -0.1352990250 0.1352990250 0.3266407412 -0.3266407412 -0.1352990250 0.1352990250 0.3266407412 0.3266407412 0.1352990250 -0.1352990250 -0.3266407412 
0.3266407412 -0.3266407412 -0.3266407412 0.3266407412 0.1352990250 -0.1352990250 -0.1352990250 0.1352990250 -0.1352990250 0.1352990250 0.1352990250 -0.1352990250 -0.3266407412 0.3266407412 0.3266407412 -0.3266407412 
0.1352990250 -0.3266407412 0.3266407412 -0.1352990250 0.1352990250 -0.3266407412 0.3266407412 -0.1352990250 0.1352990250 -0.3266407412 0.3266407412 -0.1352990250 0.1352990250 -0.3266407412 0.3266407412 -0.1352990250 
0.1767766953 0.0732233047 -0.0732233047 -0.1767766953 -0.4267766953 -0.1767766953 0.1767766953 0.4267766953 0.4267766953 0.1767766953 -0.1767766953 -0.4267766953 -0.1767766953 -0.0732233047 0.0732233047 0.1767766953 
0.2500000000 -0.2500000000 -0.2500000000 0.2500000000 -0.2500000000 0.2500000000 0.2500000000 -0.2500000000 -0.2500000000 0.2500000000 0.2500000000 -0.2500000000 0.2500000000 -0.2500000000 -0.2500000000 0.2500000000 
0.1767766953 -0.4267766953 0.4267766953 -0.1767766953 0.0732233047 -0.1767766953 0.1767766953 -0.0732233047 -0.0732233047 0.1767766953 -0.1767766953 0.0732233047 -0.1767766953 0.4267766953 -0.4267766953 0.1767766953 
0.1352990250 -0.1352990250 -0.1352990250 0.1352990250 -0.3266407412 0.3266407412 0.3266407412 -0.3266407412 0.3266407412 -0.3266407412 -0.3266407412 0.3266407412 -0.1352990250 0.1352990250 0.1352990250 -0.1352990250 
0.1352990250 -0.3266407412 0.3266407412 -0.1352990250 -0.1352990250 0.3266407412 -0.3266407412 0.1352990250 -0.1352990250 0.3266407412 -0.3266407412 0.1352990250 0.1352990250 -0.3266407412 0.3266407412 -0.1352990250 
0.0732233047 -0.1767766953 0.1767766953 -0.0732233047 -0.1767766953 0.4267766953 -0.4267766953 0.1767766953 0.1767766953 -0.4267766953 0.4267766953 -0.1767766953 -0.0732233047 0.1767766953 -0.1767766953 0.0732233047 
