0.2000000000 0.2000000000 0.2000000000 0.2000000000 0.2000000000 0.2000000000 0.2000000000 0.2000000000 0.2000000000 0.2000000000 0.2000000000 0.2000000000 0.2000000000 0.2000000000 0.2000000000 0.2000000000 0.2000000000 0.2000000000 0.2000000000 0.2000000000 0.2000000000 0.2000000000 0.2000000000 0.2000000000 0.2000000000 
0.2689994048 0.2689994048 0.2689994048 0.2689994048 0.2689994048 0.1662507751 0.1662507751 0.1662507751 0.1662507751 0.1662507751 0.0000000000 0.0000000000 0.0000000000 0.0000000000 0.0000000000 -0.1662507751 -0.1662507751 -0.1662507751 -0.1662507751 -0.1662507751 -0.2689994048 -0.2689994048 -0.2689994048 -0.2689994048 -0.2689994048 
0.2689994048 0.1662507751 0.0000000000 -0.1662507751 -0.2689994048 0.2689994048 0.1662507751 0.0000000000 -0.1662507751 -0.2689994048 0.2689994048 0.1662507751 0.0000000000 -0.1662507751 -0.2689994048 0.2689994048 0.1662507751 0.0000000000 -0.1662507751 -0.2689994048 0.2689994048 0.1662507751 0.0000000000 -0.1662507751 -0.2689994048 
0.2288245611 0.2288245611 0.2288245611 0.2288245611 0.2288245611 -0.0874032049 -0.0874032049 -0.0874032049 -0.0874032049 -0.0874032049 -0.2828427125 -0.2828427125 -0.2828427125 -0.2828427125 -0.2828427125 -0.0874032049 -0.0874032049 -0.0874032049 -0.0874032049 -0.0874032049 0.2288245611 0.2288245611 0.2288245611 0.2288245611 0.2288245611 
0.3618033989 0.2236067977 0.0000000000 -0.2236067977 -0.3618033989 0.2236067977 0.1381966011 0.0000000000 -0.1381966011 -0.2236067977 0.0000000000 0.0000000000 0.0000000000 -0.0000000000 -0.0000000000 -0.2236067977 -0.1381966011 -0.0000000000 0.1381966011 0.2236067977 -0.3618033989 -0.2236067977 -0.0000000000 0.2236067977 0.3618033989 
0.2288245611 -0.0874032049 -0.2828427125 -0.0874032049 0.2288245611 0.2288245611 -0.0874032049 -0.2828427125 -0.0874032049 0.2288245611 0.2288245611 -0.0874032049 -0.2828427125 -0.0874032049 0.2288245611 0.2288245611 -0.0874032049 -0.2828427125 -0.0874032049 0.2288245611 0.2288245611 -0.0874032049 -0.2828427125 -0.0874032049 0.2288245611 
0.1662507751 0.1662507751 0.1662507751 0.1662507751 0.1662507751 -0.2689994048 -0.2689994048 -0.2689994048 -0.2689994048 -0.2689994048 -0.0000000000 -0.0000000000 -0.0000000000 -0.0000000000 -0.0000000000 0.2689994048 0.2689994048 0.2689994048 0.2689994048 0.2689994048 -0.1662507751 -0.1662507751 -0.1662507751 -0.1662507751 -0.1662507751 
0.3077683537 0.1902113033 0.0000000000 -0.1902113033 -0.3077683537 -0.1175570505 -0.0726542528 -0.0000000000 0.0726542528 0.1175570505 -0.3804226065 -0.2351141009 -0.0000000000 0.2351141009 0.3804226065 -0.1175570505 -0.0726542528 -0.0000000000 0.0726542528 0.1175570505 0.3077683537 0.1902113033 0.0000000000 -0.1902113033 -0.3077683537 
0.3077683537 -0.1175570505 -0.3804226065 -0.1175570505 0.3077683537 0.1902113033 -0.0726542528 -0.2351141009 -0.0726542528 0.1902113033 0.0000000000 -0.0000000000 -0.0000000000 -0.0000000000 0.0000000000 -0.1902113033 0.0726542528 0.2351141009 0.0726542528 -0.1902113033 -0.3077683537 0.1175570505 0.3804226065 0.1175570505 -0.3077683537 
0.1662507751 -0.2689994048 -0.0000000000 0.2689994048 -0.1662507751 0.1662507751 -0.2689994048 -0.0000000000 0.2689994048 -0.1662507751 0.1662507751 -0.2689994048 -0.0000000000 0.2689994048 -0.1662507751 0.1662507751 -0.2689994048 -0.0000000000 0.2689994048 -0.1662507751 0.1662507751 -0.2689994048 -0.0000000000 0.2689994048 -0.1662507751 
0.0874032049 0.0874032049 0.0874032049 0.0874032049 0.0874032049 -0.2288245611 -0.2288245611 -0.2288245611 -0.2288245611 -0.2288245611 0.2828427125 0.2828427125 0.2828427125 0.2828427125 0.2828427125 -0.2288245611 -0.2288245611 -0.2288245611 -0.2288245611 -0.2288245611 0.0874032049 0.0874032049 0.0874032049 0.0874032049 0.0874032049 
0.2236067977 0.1381966011 0.0000000000 -0.1381966011 -0.2236067977 -0.3618033989 -0.2236067977 -0.0000000000 0.2236067977 0.3618033989 -0.0000000000 -0.0000000000 -0.0000000000 0.0000000000 0.0000000000 0.3618033989 0.2236067977 0.0000000000 -0.2236067977 -0.3618033989 -0.2236067977 -0.1381966011 -0.0000000000 0.1381966011 0.2236067977 
0.2618033989 -0.1000000000 -0.3236067977 -0.1000000000 0.2618033989 -0.1000000000 0.0381966011 0.1236067977 0.0381966011 -0.1000000000 -0.3236067977 0.1236067977 0.4000000000 0.1236067977 -0.3236067977 -0.1000000000 0.0381966011 0.1236067977 0.0381966011 -0.1000000000 0.2618033989 -0.1000000000 -0.3236067977 -0.1000000000 0.2618033989 
0.2236067977 -0.3618033989 -0.0000000000 0.3618033989 -0.2236067977 0.1381966011 -0.2236067977 -0.0000000000 0.2236067977 -0.1381966011 0.0000000000 -0.0000000000 -0.0000000000 0.0000000000 -0.0000000000 -0.1381966011 0.2236067977 0.0000000000 -0.2236067977 0.1381966011 -0.2236067977 0.3618033989 0.0000000000 -0.3618033989 0.2236067977 
0.0874032049 -0.2288245611 0.2828427125 -0.2288245611 0.0874032049 0.0874032049 -0.2288245611 0.2828427125 -0.2288245611 0.0874032049 0.0874032049 -0.2288245611 0.2828427125 -0.2288245611 0.0874032049 0.0874032049 -0.2288245611 0.2828427125 -0.2288245611 0.0874032049 0.0874032049 -0.2288245611 0.2828427125 -0.2288245611 0.0874032049 
0.1175570505 0.0726542528 0.0000000000 -0.0726542528 -0.1175570505 -0.3077683537 -0.1902113033 -0.0000000000 0.1902113033 0.3077683537 0.3804226065 0.2351141009 0.0000000000 -0.2351141009 -0.3804226065 -0.3077683537 -0.1902113033 -0.0000000000 0.1902113033 0.3077683537 0.1175570505 0.0726542528 0.0000000000 -0.0726542528 -0.1175570505 
0.1902113033 -0.0726542528 -0.2351141009 -0.0726542528 0.1902113033 -0.3077683537 0.1175570505 0.3804226065 0.1175570505 -0.3077683537 -0.0000000000 0.0000000000 0.0000000000 0.0000000000 -0.0000000000 0.3077683537 -0.1175570505 -0.3804226065 -0.1175570505 0.3077683537 -0.1902113033 0.0726542528 0.2351141009 0.0726542528 -0.1902113033 
0.1902113033 -0.3077683537 -0.0000000000 0.3077683537 -0.1902113033 -0.0726542528 0.1175570505 0.0000000000 -0.1175570505 0.0726542528 -0.2351141009 0.3804226065 0.0000000000 -0.3804226065 0.2351141009 -0.0726542528 0.1175570505 0.0000000000 -0.1175570505 0.0726542528 0.1902113033 -0.3077683537 -0.0000000000 0.3077683537 -0.1902113033 
0.1175570505 -0.3077683537 0.3804226065 -0.3077683537 0.1175570505 0.0726542528 -0.1902113033 0.2351141009 -0.1902113033 0.0726542528 0.0000000000 -0.0000000000 0.0000000000 -0.0000000000 0.0000000000 -0.0726542528 0.1902113033 -0.2351141009 0.1902113033 -0.0726542528 -0.1175570505 0.3077683537 -0.3804226065 0.3077683537 -0.1175570505 
0.1000000000 -0.0381966011 -0.1236067977 -0.0381966011 0.1000000000 -0.2618033989 0.1000000000 0.3236067977 0.1000000000 -0.2618033989 0.3236067977 -0.1236067977 -0.4000000000 -0.1236067977 0.3236067977 -0.2618033989 0.1000000000 0.3236067977 0.1000000000 -0.2618033989 0.1000000000 -0.0381966011 -0.1236067977 -0.0381966011 0.1000000000 
0.1381966011 -0.2236067977 -0.0000000000 0.2236067977 -0.1381966011 -0.2236067977 0.3618033989 0.0000000000 -0.3618033989 0.2236067977 -0.0000000000 0.0000000000 0.0000000000 -0.0000000000 0.0000000000 0.2236067977 -0.3618033989 -0.0000000000 0.3618033989 -0.2236067977 -0.1381966011 0.2236067977 0.0000000000 -0.2236067977 0.1381966011 
0.1000000000 -0.2618033989 0.3236067977 -0.2618033989 0.1000000000 -0.0381966011 0.1000000000 -0.1236067977 0.1000000000 -0.0381966011 -0.1236067977 0.3236067977 -0.4000000000 0.3236067977 -0.1236067977 -0.0381966011 0.1000000000 -0.1236067977 0.1000000000 -0.0381966011 0.1000000000 -0.2618033989 0.3236067977 -0.2618033989 0.1000000000 
0.0726542528 -0.1175570505 -0.0000000000 0.1175570505 -0.0726542528 -0.1902113033 0.3077683537 0.0000000000 -0.3077683537 0.1902113033 0.2351141009 -0.3804226065 -0.0000000000 0.3804226065 -0.2351141009 -0.1902113033 0.3077683537 0.0000000000 -0.3077683537 0.1902113033 0.0726542528 -0.1175570505 -0.0000000000 0.1175570505 -0.0726542528 
0.0726542528 -0.1902113033 0.2351141009 -0.1902113033 0.0726542528 -0.1175570505 0.3077683537 -0.3804226065 0.3077683537 -0.1175570505 -0.0000000000 0.0000000000 -0.0000000000 0.0000000000 -0.0000000000 0.1175570505 -0.3077683537 0.3804226065 -0.3077683537 0.1175570505 -0.0726542528 0.1902113033 -0.2351141009 0.1902113033 -0.0726542528 
0.0381966011 -0.1000000000 0.1236067977 -0.1000000000 0.0381966011 -0.1000000000 0.2618033989 -0.3236067977 0.2618033989 -0.1000000000 0.1236067977 -0.3236067977 0.4000000000 -0.3236067977 0.1236067977 -0.1000000000 0.2618033989 -0.3236067977 0.2618033989 -0.1000000000 0.0381966011 -0.1000000000 0.1236067977 -0.1000000000 0.0381966011 