0.1666666667 0.1666666667 0.1666666667 0.1666666667 0.1666666667 0.1666666667 0.1666666667 0.1666666667 0.1666666667 0.1666666667 0.1666666667 0.1666666667 0.1666666667 0.1666666667 0.1666666667 0.1666666667 0.1666666667 0.1666666667 0.1666666667 0.1666666667 0.1666666667 0.1666666667 0.1666666667 0.1666666667 0.1666666667 0.1666666667 0.1666666667 0.1666666667 0.1666666667 0.1666666667 0.1666666667 0.1666666667 0.1666666667 0.1666666667 0.1666666667 0.1666666667 
0.2276709006 0.2276709006 0.2276709006 0.2276709006 0.2276709006 0.2276709006 0.1666666667 0.1666666667 0.1666666667 0.1666666667 0.1666666667 0.1666666667 0.0610042340 0.0610042340 0.0610042340 0.0610042340 0.0610042340 0.0610042340 -0.0610042340 -0.0610042340 -0.0610042340 -0.0610042340 -0.0610042340 -0.0610042340 -0.1666666667 -0.1666666667 -0.1666666667 -0.1666666667 -0.1666666667 -0.1666666667 -0.2276709006 -0.2276709006 -0.2276709006 -0.2276709006 -0.2276709006 -0.2276709006 
0.2276709006 0.1666666667 0.0610042340 -0.0610042340 -0.1666666667 -0.2276709006 0.2276709006 0.1666666667 0.0610042340 -0.0610042340 -0.1666666667 -0.2276709006 0.2276709006 0.1666666667 0.0610042340 -0.0610042340 -0.1666666667 -0.2276709006 0.2276709006 0.1666666667 0.0610042340 -0.0610042340 -0.1666666667 -0.2276709006 0.2276709006 0.1666666667 0.0610042340 -0.0610042340 -0.1666666667 -0.2276709006 0.2276709006 0.1666666667 0.0610042340 -0.0610042340 -0.1666666667 -0.2276709006 
0.2041241452 0.2041241452 0.2041241452 0.2041241452 0.2041241452 0.2041241452 0.0000000000 0.0000000000 0.0000000000 0.0000000000 0.0000000000 0.0000000000 -0.2041241452 -0.2041241452 -0.2041241452 -0.2041241452 -0.2041241452 -0.2041241452 -0.2041241452 -0.2041241452 -0.2041241452 -0.2041241452 -0.2041241452 -0.2041241452 -0.0000000000 -0.0000000000 -0.0000000000 -0.0000000000 -0.0000000000 -0.0000000000 0.2041241452 0.2041241452 0.2041241452 0.2041241452 0.2041241452 0.2041241452 
0.3110042340 0.2276709006 0.0833333333 -0.0833333333 -0.2276709006 -0.3110042340 0.2276709006 0.1666666667 0.0610042340 -0.0610042340 -0.1666666667 -0.2276709006 0.0833333333 0.0610042340 0.0223290994 -0.0223290994 -0.0610042340 -0.0833333333 -0.0833333333 -0.0610042340 -0.0223290994 0.0223290994 0.0610042340 0.0833333333 -0.2276709006 -0.1666666667 -0.0610042340 0.0610042340 0.1666666667 0.2276709006 -0.3110042340 -0.2276709006 -0.0833333333 0.0833333333 0.2276709006 0.3110042340 
0.2041241452 0.0000000000 -0.2041241452 -0.2041241452 -0.0000000000 0.2041241452 0.2041241452 0.0000000000 -0.2041241452 -0.2041241452 -0.0000000000 0.2041241452 0.2041241452 0.0000000000 -0.2041241452 -0.2041241452 -0.0000000000 0.2041241452 0.2041241452 0.0000000000 -0.2041241452 -0.2041241452 -0.0000000000 0.2041241452 0.2041241452 0.0000000000 -0.2041241452 -0.2041241452 -0.0000000000 0.2041241452 0.2041241452 0.0000000000 -0.2041241452 -0.2041241452 -0.0000000000 0.2041241452 
0.1666666667 0.1666666667 0.1666666667 0.1666666667 0.1666666667 0.1666666667 -0.1666666667 -0.1666666667 -0.1666666667 -0.1666666667 -0.1666666667 -0.1666666667 -0.1666666667 -0.1666666667 -0.1666666667 -0.1666666667 -0.1666666667 -0.1666666667 0.1666666667 0.1666666667 0.1666666667 0.1666666667 0.1666666667 0.1666666667 0.1666666667 0.1666666667 0.1666666667 0.1666666667 0.1666666667 0.1666666667 -0.1666666667 -0.1666666667 -0.1666666667 -0.1666666667 -0.1666666667 -0.1666666667 
0.2788387679 0.2041241452 0.0747146227 -0.0747146227 -0.2041241452 -0.2788387679 0.0000000000 0.0000000000 0.0000000000 -0.0000000000 -0.0000000000 -0.0000000000 -0.2788387679 -0.2041241452 -0.0747146227 0.0747146227 0.2041241452 0.2788387679 -0.2788387679 -0.2041241452 -0.0747146227 0.0747146227 0.2041241452 0.2788387679 -0.0000000000 -0.0000000000 -0.0000000000 0.0000000000 0.0000000000 0.0000000000 0.2788387679 0.2041241452 0.0747146227 -0.0747146227 -0.2041241452 -0.2788387679 
0.2788387679 0.0000000000 -0.2788387679 -0.2788387679 -0.0000000000 0.2788387679 0.2041241452 0.0000000000 -0.2041241452 -0.2041241452 -0.0000000000 0.2041241452 0.0747146227 0.0000000000 -0.0747146227 -0.0747146227 -0.0000000000 0.0747146227 -0.0747146227 -0.0000000000 0.0747146227 0.0747146227 0.0000000000 -0.0747146227 -0.2041241452 -0.0000000000 0.2041241452 0.2041241452 0.0000000000 -0.2041241452 -0.2788387679 -0.0000000000 0.2788387679 0.2788387679 0.0000000000 -0.2788387679 
0.1666666667 -0.1666666667 -0.1666666667 0.1666666667 0.1666666667 -0.1666666667 0.1666666667 -0.1666666667 -0.1666666667 0.1666666667 0.1666666667 -0.1666666667 0.1666666667 -0.1666666667 -0.1666666667 0.1666666667 0.1666666667 -0.1666666667 0.1666666667 -0.1666666667 -0.1666666667 0.1666666667 0.1666666667 -0.1666666667 0.1666666667 -0.1666666667 -0.1666666667 0.1666666667 0.1666666667 -0.1666666667 0.1666666667 -0.1666666667 -0.1666666667 0.1666666667 0.1666666667 -0.1666666667 
0.1178511302 0.1178511302 0.1178511302 0.1178511302 0.1178511302 0.1178511302 -0.2357022604 -0.2357022604 -0.2357022604 -0.2357022604 -0.2357022604 -0.2357022604 0.1178511302 0.1178511302 0.1178511302 0.1178511302 0.1178511302 0.1178511302 0.1178511302 0.1178511302 0.1178511302 0.1178511302 0.1178511302 0.1178511302 -0.2357022604 -0.2357022604 -0.2357022604 -0.2357022604 -0.2357022604 -0.2357022604 0.1178511302 0.1178511302 0.1178511302 0.1178511302 0.1178511302 0.1178511302 
0.2276709006 0.1666666667 0.0610042340 -0.0610042340 -0.1666666667 -0.2276709006 -0.2276709006 -0.1666666667 -0.0610042340 0.0610042340 0.1666666667 0.2276709006 -0.2276709006 -0.1666666667 -0.0610042340 0.0610042340 0.1666666667 0.2276709006 0.2276709006 0.1666666667 0.0610042340 -0.0610042340 -0.1666666667 -0.2276709006 0.2276709006 0.1666666667 0.0610042340 -0.0610042340 -0.1666666667 -0.2276709006 -0.2276709006 -0.1666666667 -0.0610042340 0.0610042340 0.1666666667 0.2276709006 
0.2500000000 0.0000000000 -0.2500000000 -0.2500000000 -0.0000000000 0.2500000000 0.0000000000 0.0000000000 -0.0000000000 -0.0000000000 -0.0000000000 0.0000000000 -0.2500000000 -0.0000000000 0.2500000000 0.2500000000 0.0000000000 -0.2500000000 -0.2500000000 -0.0000000000 0.2500000000 0.2500000000 0.0000000000 -0.2500000000 -0.0000000000 -0.0000000000 0.0000000000 0.0000000000 0.0000000000 -0.0000000000 0.2500000000 0.0000000000 -0.2500000000 -0.2500000000 -0.0000000000 0.2500000000 
0.2276709006 -0.2276709006 -0.2276709006 0.2276709006 0.2276709006 -0.2276709006 0.1666666667 -0.1666666667 -0.1666666667 0.1666666667 0.1666666667 -0.1666666667 0.0610042340 -0.0610042340 -0.0610042340 0.0610042340 0.0610042340 -0.0610042340 -0.0610042340 0.0610042340 0.0610042340 -0.0610042340 -0.0610042340 0.0610042340 -0.1666666667 0.1666666667 0.1666666667 -0.1666666667 -0.1666666667 0.1666666667 -0.2276709006 0.2276709006 0.2276709006 -0.2276709006 -0.2276709006 0.2276709006 
0.1178511302 -0.2357022604 0.1178511302 0.1178511302 -0.2357022604 0.1178511302 0.1178511302 -0.2357022604 0.1178511302 0.1178511302 -0.2357022604 0.1178511302 0.1178511302 -0.2357022604 0.1178511302 0.1178511302 -0.2357022604 0.1178511302 0.1178511302 -0.2357022604 0.1178511302 0.1178511302 -0.2357022604 0.1178511302 0.1178511302 -0.2357022604 0.1178511302 0.1178511302 -0.2357022604 0.1178511302 0.1178511302 -0.2357022604 0.1178511302 0.1178511302 -0.2357022604 0.1178511302 
0.0610042340 0.0610042340 0.0610042340 0.0610042340 0.0610042340 0.0610042340 -0.1666666667 -0.1666666667 -0.1666666667 -0.1666666667 -0.1666666667 -0.1666666667 0.2276709006 0.2276709006 0.2276709006 0.2276709006 0.2276709006 0.2276709006 -0.2276709006 -0.2276709006 -0.2276709006 -0.2276709006 -0.2276709006 -0.2276709006 0.1666666667 0.1666666667 0.1666666667 0.1666666667 0.1666666667 0.1666666667 -0.0610042340 -0.0610042340 -0.0610042340 -0.0610042340 -0.0610042340 -0.0610042340 
0.1609876377 0.1178511302 0.0431365075 -0.0431365075 -0.1178511302 -0.1609876377 -0.3219752754 -0.2357022604 -0.0862730150 0.0862730150 0.2357022604 0.3219752754 0.1609876377 0.1178511302 0.0431365075 -0.0431365075 -0.1178511302 -0.1609876377 0.1609876377 0.1178511302 0.0431365075 -0.0431365075 -0.1178511302 -0.1609876377 -0.3219752754 -0.2357022604 -0.0862730150 0.0862730150 0.2357022604 0.3219752754 0.1609876377 0.1178511302 0.0431365075 -0.0431365075 -0.1178511302 -0.1609876377 
0.2041241452 0.0000000000 -0.2041241452 -0.2041241452 -0.0000000000 0.2041241452 -0.2041241452 -0.0000000000 0.2041241452 0.2041241452 0.0000000000 -0.2041241452 -0.2041241452 -0.0000000000 0.2041241452 0.2041241452 0.0000000000 -0.2041241452 0.2041241452 0.0000000000 -0.2041241452 -0.2041241452 -0.0000000000 0.2041241452 0.2041241452 0.0000000000 -0.2041241452 -0.2041241452 -0.0000000000 0.2041241452 -0.2041241452 -0.0000000000 0.2041241452 0.2041241452 0.0000000000 -0.2041241452 
0.2041241452 -0.2041241452 -0.2041241452 0.2041241452 0.2041241452 -0.2041241452 0.0000000000 -0.0000000000 -0.0000000000 0.0000000000 0.0000000000 -0.0000000000 -0.2041241452 0.2041241452 0.2041241452 -0.2041241452 -0.2041241452 0.2041241452 -0.2041241452 0.2041241452 0.2041241452 -0.2041241452 -0.2041241452 0.2041241452 -0.0000000000 0.0000000000 0.0000000000 -0.0000000000 -0.0000000000 0.0000000000 0.2041241452 -0.2041241452 -0.2041241452 0.2041241452 0.2041241452 -0.2041241452 
0.1609876377 -0.3219752754 0.1609876377 0.1609876377 -0.3219752754 0.1609876377 0.1178511302 -0.2357022604 0.1178511302 0.1178511302 -0.2357022604 0.1178511302 0.0431365075 -0.0862730150 0.0431365075 0.0431365075 -0.0862730150 0.0431365075 -0.0431365075 0.0862730150 -0.0431365075 -0.0431365075 0.0862730150 -0.0431365075 -0.1178511302 0.2357022604 -0.1178511302 -0.1178511302 0.2357022604 -0.1178511302 -0.1609876377 0.3219752754 -0.1609876377 -0.1609876377 0.3219752754 -0.1609876377 
0.0610042340 -0.1666666667 0.2276709006 -0.2276709006 0.1666666667 -0.0610042340 0.0610042340 -0.1666666667 0.2276709006 -0.2276709006 0.1666666667 -0.0610042340 0.0610042340 -0.1666666667 0.2276709006 -0.2276709006 0.1666666667 -0.0610042340 0.0610042340 -0.1666666667 0.2276709006 -0.2276709006 0.1666666667 -0.0610042340 0.0610042340 -0.1666666667 0.2276709006 -0.2276709006 0.1666666667 -0.0610042340 0.0610042340 -0.1666666667 0.2276709006 -0.2276709006 0.1666666667 -0.0610042340 
0.0833333333 0.0610042340 0.0223290994 -0.0223290994 -0.0610042340 -0.0833333333 -0.2276709006 -0.1666666667 -0.0610042340 0.0610042340 0.1666666667 0.2276709006 0.3110042340 0.2276709006 0.0833333333 -0.0833333333 -0.2276709006 -0.3110042340 -0.3110042340 -0.2276709006 -0.0833333333 0.0833333333 0.2276709006 0.3110042340 0.2276709006 0.1666666667 0.0610042340 -0.0610042340 -0.1666666667 -0.2276709006 -0.0833333333 -0.0610042340 -0.0223290994 0.0223290994 0.0610042340 0.0833333333 
0.1443375673 0.0000000000 -0.1443375673 -0.1443375673 -0.0000000000 0.1443375673 -0.2886751346 -0.0000000000 0.2886751346 0.2886751346 0.0000000000 -0.2886751346 0.1443375673 0.0000000000 -0.1443375673 -0.1443375673 -0.0000000000 0.1443375673 0.1443375673 0.0000000000 -0.1443375673 -0.1443375673 -0.0000000000 0.1443375673 -0.2886751346 -0.0000000000 0.2886751346 0.2886751346 0.0000000000 -0.2886751346 0.1443375673 0.0000000000 -0.1443375673 -0.1443375673 -0.0000000000 0.1443375673 
0.1666666667 -0.1666666667 -0.1666666667 0.1666666667 0.1666666667 -0.1666666667 -0.1666666667 0.1666666667 0.1666666667 -0.1666666667 -0.1666666667 0.1666666667 -0.1666666667 0.1666666667 0.1666666667 -0.1666666667 -0.1666666667 0.1666666667 0.1666666667 -0.1666666667 -0.1666666667 0.1666666667 0.1666666667 -0.1666666667 0.1666666667 -0.1666666667 -0.1666666667 0.1666666667 0.1666666667 -0.1666666667 -0.1666666667 0.1666666667 0.1666666667 -0.1666666667 -0.1666666667 0.1666666667 
0.1443375673 -0.2886751346 0.1443375673 0.1443375673 -0.2886751346 0.1443375673 0.0000000000 -0.0000000000 0.0000000000 0.0000000000 -0.0000000000 0.0000000000 -0.1443375673 0.2886751346 -0.1443375673 -0.1443375673 0.2886751346 -0.1443375673 -0.1443375673 0.2886751346 -0.1443375673 -0.1443375673 0.2886751346 -0.1443375673 -0.0000000000 0.0000000000 -0.0000000000 -0.0000000000 0.0000000000 -0.0000000000 0.1443375673 -0.2886751346 0.1443375673 0.1443375673 -0.2886751346 0.1443375673 
0.0833333333 -0.2276709006 0.3110042340 -0.3110042340 0.2276709006 -0.0833333333 0.0610042340 -0.1666666667 0.2276709006 -0.2276709006 0.1666666667 -0.0610042340 0.0223290994 -0.0610042340 0.0833333333 -0.0833333333 0.0610042340 -0.0223290994 -0.0223290994 0.0610042340 -0.0833333333 0.0833333333 -0.0610042340 0.0223290994 -0.0610042340 0.1666666667 -0.2276709006 0.2276709006 -0.1666666667 0.0610042340 -0.0833333333 0.2276709006 -0.3110042340 0.3110042340 -0.2276709006 0.0833333333 
0.0747146227 0.0000000000 -0.0747146227 -0.0747146227 -0.0000000000 0.0747146227 -0.2041241452 -0.0000000000 0.2041241452 0.2041241452 0.0000000000 -0.2041241452 0.2788387679 0.0000000000 -0.2788387679 -0.2788387679 -0.0000000000 0.2788387679 -0.2788387679 -0.0000000000 0.2788387679 0.2788387679 0.0000000000 -0.2788387679 0.2041241452 0.0000000000 -0.2041241452 -0.2041241452 -0.0000000000 0.2041241452 -0.0747146227 -0.0000000000 0.0747146227 0.0747146227 0.0000000000 -0.0747146227 
0.1178511302 -0.1178511302 -0.1178511302 0.1178511302 0.1178511302 -0.1178511302 -0.2357022604 0.2357022604 0.2357022604 -0.2357022604 -0.2357022604 0.2357022604 0.1178511302 -0.1178511302 -0.1178511302 0.1178511302 0.1178511302 -0.1178511302 0.1178511302 -0.1178511302 -0.1178511302 0.1178511302 0.1178511302 -0.1178511302 -0.2357022604 0.2357022604 0.2357022604 -0.2357022604 -0.2357022604 0.2357022604 0.1178511302 -0.1178511302 -0.1178511302 0.1178511302 0.1178511302 -0.1178511302 
0.1178511302 -0.2357022604 0.1178511302 0.1178511302 -0.2357022604 0.1178511302 -0.1178511302 0.2357022604 -0.1178511302 -0.1178511302 0.2357022604 -0.1178511302 -0.1178511302 0.2357022604 -0.1178511302 -0.1178511302 0.2357022604 -0.1178511302 0.1178511302 -0.2357022604 0.1178511302 0.1178511302 -0.2357022604 0.1178511302 0.1178511302 -0.2357022604 0.1178511302 0.1178511302 -0.2357022604 0.1178511302 -0.1178511302 0.2357022604 -0.1178511302 -0.1178511302 0.2357022604 -0.1178511302 
0.0747146227 -0.2041241452 0.2788387679 -0.2788387679 0.2041241452 -0.0747146227 0.0000000000 -0.0000000000 0.0000000000 -0.0000000000 0.0000000000 -0.0000000000 -0.0747146227 0.2041241452 -0.2788387679 0.2788387679 -0.2041241452 0.0747146227 -0.0747146227 0.2041241452 -0.2788387679 0.2788387679 -0.2041241452 0.0747146227 -0.0000000000 0.0000000000 -0.0000000000 0.0000000000 -0.0000000000 0.0000000000 0.0747146227 -0.2041241452 0.2788387679 -0.2788387679 0.2041241452 -0.0747146227 
0.0610042340 -0.0610042340 -0.0610042340 0.0610042340 0.0610042340 -0.0610042340 -0.1666666667 0.1666666667 0.1666666667 -0.1666666667 -0.1666666667 0.1666666667 0.2276709006 -0.2276709006 -0.2276709006 0.2276709006 0.2276709006 -0.2276709006 -0.2276709006 0.2276709006 0.2276709006 -0.2276709006 -0.2276709006 0.2276709006 0.1666666667 -0.1666666667 -0.1666666667 0.1666666667 0.1666666667 -0.1666666667 -0.0610042340 0.0610042340 0.0610042340 -0.0610042340 -0.0610042340 0.0610042340 
0.0833333333 -0.1666666667 0.0833333333 0.0833333333 -0.1666666667 0.0833333333 -0.1666666667 0.3333333333 -0.1666666667 -0.1666666667 0.3333333333 -0.1666666667 0.0833333333 -0.1666666667 0.0833333333 0.0833333333 -0.1666666667 0.0833333333 0.0833333333 -0.1666666667 0.0833333333 0.0833333333 -0.1666666667 0.0833333333 -0.1666666667 0.3333333333 -0.1666666667 -0.1666666667 0.3333333333 -0.1666666667 0.0833333333 -0.1666666667 0.0833333333 0.0833333333 -0.1666666667 0.0833333333 
0.0610042340 -0.1666666667 0.2276709006 -0.2276709006 0.1666666667 -0.0610042340 -0.0610042340 0.1666666667 -0.2276709006 0.2276709006 -0.1666666667 0.0610042340 -0.0610042340 0.1666666667 -0.2276709006 0.2276709006 -0.1666666667 0.0610042340 0.0610042340 -0.1666666667 0.2276709006 -0.2276709006 0.1666666667 -0.0610042340 0.0610042340 -0.1666666667 0.2276709006 -0.2276709006 0.1666666667 -0.0610042340 -0.0610042340 0.1666666667 -0.2276709006 0.2276709006 -0.1666666667 0.0610042340 
0.0431365075 -0.0862730150 0.0431365075 0.0431365075 -0.0862730150 0.0431365075 -0.1178511302 0.2357022604 -0.1178511302 -0.1178511302 0.2357022604 -0.1178511302 0.1609876377 -0.3219752754 0.1609876377 0.1609876377 -0.3219752754 0.1609876377 -0.1609876377 0.3219752754 -0.1609876377 -0.1609876377 0.3219752754 -0.1609876377 0.1178511302 -0.2357022604 0.1178511302 0.1178511302 -0.2357022604 0.1178511302 -0.0431365075 0.0862730150 -0.0431365075 -0.0431365075 0.0862730150 -0.0431365075 
0.0431365075 -0.1178511302 0.1609876377 -0.1609876377 0.1178511302 -0.0431365075 -0.0862730150 0.2357022604 -0.3219752754 0.3219752754 -0.2357022604 0.0862730150 0.0431365075 -0.1178511302 0.1609876377 -0.1609876377 0.1178511302 -0.0431365075 0.0431365075 -0.1178511302 0.1609876377 -0.1609876377 0.1178511302 -0.0431365075 -0.0862730150 0.2357022604 -0.3219752754 0.3219752754 -0.2357022604 0.0862730150 0.0431365075 -0.1178511302 0.1609876377 -0.1609876377 0.1178511302 -0.0431365075 
0.0223290994 -0.0610042340 0.0833333333 -0.0833333333 0.0610042340 -0.0223290994 -0.0610042340 0.1666666667 -0.2276709006 0.2276709006 -0.1666666667 0.0610042340 0.0833333333 -0.2276709006 0.3110042340 -0.3110042340 0.2276709006 -0.0833333333 -0.0833333333 0.2276709006 -0.3110042340 0.3110042340 -0.2276709006 0.0833333333 0.0610042340 -0.1666666667 0.2276709006 -0.2276709006 0.1666666667 -0.0610042340 -0.0223290994 0.0610042340 -0.0833333333 0.0833333333 -0.0610042340 0.0223290994 