0.1428571429 0.1428571429 0.1428571429 0.1428571429 0.1428571429 0.1428571429 0.1428571429 0.1428571429 0.1428571429 0.1428571429 0.1428571429 0.1428571429 0.1428571429 0.1428571429 0.1428571429 0.1428571429 0.1428571429 0.1428571429 0.1428571429 0.1428571429 0.1428571429 0.1428571429 0.1428571429 0.1428571429 0.1428571429 0.1428571429 0.1428571429 0.1428571429 0.1428571429 0.1428571429 0.1428571429 0.1428571429 0.1428571429 0.1428571429 0.1428571429 0.1428571429 0.1428571429 0.1428571429 0.1428571429 0.1428571429 0.1428571429 0.1428571429 0.1428571429 0.1428571429 0.1428571429 0.1428571429 0.1428571429 0.1428571429 0.1428571429 
0.1969651822 0.1969651822 0.1969651822 0.1969651822 0.1969651822 0.1969651822 0.1969651822 0.1579538123 0.1579538123 0.1579538123 0.1579538123 0.1579538123 0.1579538123 0.1579538123 0.0876577526 0.0876577526 0.0876577526 0.0876577526 0.0876577526 0.0876577526 0.0876577526 0.0000000000 0.0000000000 0.0000000000 0.0000000000 0.0000000000 0.0000000000 0.0000000000 -0.0876577526 -0.0876577526 -0.0876577526 -0.0876577526 -0.0876577526 -0.0876577526 -0.0876577526 -0.1579538123 -0.1579538123 -0.1579538123 -0.1579538123 -0.1579538123 -0.1579538123 -0.1579538123 -0.1969651822 -0.1969651822 -0.1969651822 -0.1969651822 -0.1969651822 -0.1969651822 -0.1969651822 
0.1969651822 0.1579538123 0.0876577526 0.0000000000 -0.0876577526 -0.1579538123 -0.1969651822 0.1969651822 0.1579538123 0.0876577526 0.0000000000 -0.0876577526 -0.1579538123 -0.1969651822 0.1969651822 0.1579538123 0.0876577526 0.0000000000 -0.0876577526 -0.1579538123 -0.1969651822 0.1969651822 0.1579538123 0.0876577526 0.0000000000 -0.0876577526 -0.1579538123 -0.1969651822 0.1969651822 0.1579538123 0.0876577526 0.0000000000 -0.0876577526 -0.1579538123 -0.1969651822 0.1969651822 0.1579538123 0.0876577526 0.0000000000 -0.0876577526 -0.1579538123 -0.1969651822 0.1969651822 0.1579538123 0.0876577526 0.0000000000 -0.0876577526 -0.1579538123 -0.1969651822 
0.1820231989 0.1820231989 0.1820231989 0.1820231989 0.1820231989 0.1820231989 0.1820231989 0.0449560175 0.0449560175 0.0449560175 0.0449560175 0.0449560175 0.0449560175 0.0449560175 -0.1259639620 -0.1259639620 -0.1259639620 -0.1259639620 -0.1259639620 -0.1259639620 -0.1259639620 -0.2020305089 -0.2020305089 -0.2020305089 -0.2020305089 -0.2020305089 -0.2020305089 -0.2020305089 -0.1259639620 -0.1259639620 -0.1259639620 -0.1259639620 -0.1259639620 -0.1259639620 -0.1259639620 0.0449560175 0.0449560175 0.0449560175 0.0449560175 0.0449560175 0.0449560175 0.0449560175 0.1820231989 0.1820231989 0.1820231989 0.1820231989 0.1820231989 0.1820231989 0.1820231989 
0.2715669811 0.2177798100 0.1208586765 0.0000000000 -0.1208586765 -0.2177798100 -0.2715669811 0.2177798100 0.1746458477 0.0969211334 0.0000000000 -0.0969211334 -0.1746458477 -0.2177798100 0.1208586765 0.0969211334 0.0537871712 0.0000000000 -0.0537871712 -0.0969211334 -0.1208586765 0.0000000000 0.0000000000 0.0000000000 0.0000000000 -0.0000000000 -0.0000000000 -0.0000000000 -0.1208586765 -0.0969211334 -0.0537871712 -0.0000000000 0.0537871712 0.0969211334 0.1208586765 -0.2177798100 -0.1746458477 -0.0969211334 -0.0000000000 0.0969211334 0.1746458477 0.2177798100 -0.2715669811 -0.2177798100 -0.1208586765 -0.0000000000 0.1208586765 0.2177798100 0.2715669811 
0.1820231989 0.0449560175 -0.1259639620 -0.2020305089 -0.1259639620 0.0449560175 0.1820231989 0.1820231989 0.0449560175 -0.1259639620 -0.2020305089 -0.1259639620 0.0449560175 0.1820231989 0.1820231989 0.0449560175 -0.1259639620 -0.2020305089 -0.1259639620 0.0449560175 0.1820231989 0.1820231989 0.0449560175 -0.1259639620 -0.2020305089 -0.1259639620 0.0449560175 0.1820231989 0.1820231989 0.0449560175 -0.1259639620 -0.2020305089 -0.1259639620 0.0449560175 0.1820231989 0.1820231989 0.0449560175 -0.1259639620 -0.2020305089 -0.1259639620 0.0449560175 0.1820231989 0.1820231989 0.0449560175 -0.1259639620 -0.2020305089 -0.1259639620 0.0449560175 0.1820231989 
0.1579538123 0.1579538123 0.1579538123 0.1579538123 0.1579538123 0.1579538123 0.1579538123 -0.0876577526 -0.0876577526 -0.0876577526 -0.0876577526 -0.0876577526 -0.0876577526 -0.0876577526 -0.1969651822 -0.1969651822 -0.1969651822 -0.1969651822 -0.1969651822 -0.1969651822 -0.1969651822 -0.0000000000 -0.0000000000 -0.0000000000 -0.0000000000 -0.0000000000 -0.0000000000 -0.0000000000 0.1969651822 0.1969651822 0.1969651822 0.1969651822 0.1969651822 0.1969651822 0.1969651822 0.0876577526 0.0876577526 0.0876577526 0.0876577526 0.0876577526 0.0876577526 0.0876577526 -0.1579538123 -0.1579538123 -0.1579538123 -0.1579538123 -0.1579538123 -0.1579538123 -0.1579538123 
0.2509656278 0.2012588073 0.1116902118 0.0000000000 -0.1116902118 -0.2012588073 -0.2509656278 0.0619833913 0.0497068205 0.0275852042 0.0000000000 -0.0275852042 -0.0497068205 -0.0619833913 -0.1736736031 -0.1392754160 -0.0772920247 -0.0000000000 0.0772920247 0.1392754160 0.1736736031 -0.2785508321 -0.2233804236 -0.1239667826 -0.0000000000 0.1239667826 0.2233804236 0.2785508321 -0.1736736031 -0.1392754160 -0.0772920247 -0.0000000000 0.0772920247 0.1392754160 0.1736736031 0.0619833913 0.0497068205 0.0275852042 0.0000000000 -0.0275852042 -0.0497068205 -0.0619833913 0.2509656278 0.2012588073 0.1116902118 0.0000000000 -0.1116902118 -0.2012588073 -0.2509656278 
0.2509656278 0.0619833913 -0.1736736031 -0.2785508321 -0.1736736031 0.0619833913 0.2509656278 0.2012588073 0.0497068205 -0.1392754160 -0.2233804236 -0.1392754160 0.0497068205 0.2012588073 0.1116902118 0.0275852042 -0.0772920247 -0.1239667826 -0.0772920247 0.0275852042 0.1116902118 0.0000000000 0.0000000000 -0.0000000000 -0.0000000000 -0.0000000000 0.0000000000 0.0000000000 -0.1116902118 -0.0275852042 0.0772920247 0.1239667826 0.0772920247 -0.0275852042 -0.1116902118 -0.2012588073 -0.0497068205 0.1392754160 0.2233804236 0.1392754160 -0.0497068205 -0.2012588073 -0.2509656278 -0.0619833913 0.1736736031 0.2785508321 0.1736736031 -0.0619833913 -0.2509656278 
0.1579538123 -0.0876577526 -0.1969651822 -0.0000000000 0.1969651822 0.0876577526 -0.1579538123 0.1579538123 -0.0876577526 -0.1969651822 -0.0000000000 0.1969651822 0.0876577526 -0.1579538123 0.1579538123 -0.0876577526 -0.1969651822 -0.0000000000 0.1969651822 0.0876577526 -0.1579538123 0.1579538123 -0.0876577526 -0.1969651822 -0.0000000000 0.1969651822 0.0876577526 -0.1579538123 0.1579538123 -0.0876577526 -0.1969651822 -0.0000000000 0.1969651822 0.0876577526 -0.1579538123 0.1579538123 -0.0876577526 -0.1969651822 -0.0000000000 0.1969651822 0.0876577526 -0.1579538123 0.1579538123 -0.0876577526 -0.1969651822 -0.0000000000 0.1969651822 0.0876577526 -0.1579538123 
0.1259639620 0.1259639620 0.1259639620 0.1259639620 0.1259639620 0.1259639620 0.1259639620 -0.1820231989 -0.1820231989 -0.1820231989 -0.1820231989 -0.1820231989 -0.1820231989 -0.1820231989 -0.0449560175 -0.0449560175 -0.0449560175 -0.0449560175 -0.0449560175 -0.0449560175 -0.0449560175 0.2020305089 0.2020305089 0.2020305089 0.2020305089 0.2020305089 0.2020305089 0.2020305089 -0.0449560175 -0.0449560175 -0.0449560175 -0.0449560175 -0.0449560175 -0.0449560175 -0.0449560175 -0.1820231989 -0.1820231989 -0.1820231989 -0.1820231989 -0.1820231989 -0.1820231989 -0.1820231989 0.1259639620 0.1259639620 0.1259639620 0.1259639620 0.1259639620 0.1259639620 0.1259639620 
0.2177798100 0.1746458477 0.0969211334 0.0000000000 -0.0969211334 -0.1746458477 -0.2177798100 -0.1208586765 -0.0969211334 -0.0537871712 -0.0000000000 0.0537871712 0.0969211334 0.1208586765 -0.2715669811 -0.2177798100 -0.1208586765 -0.0000000000 0.1208586765 0.2177798100 0.2715669811 -0.0000000000 -0.0000000000 -0.0000000000 -0.0000000000 0.0000000000 0.0000000000 0.0000000000 0.2715669811 0.2177798100 0.1208586765 0.0000000000 -0.1208586765 -0.2177798100 -0.2715669811 0.1208586765 0.0969211334 0.0537871712 0.0000000000 -0.0537871712 -0.0969211334 -0.1208586765 -0.2177798100 -0.1746458477 -0.0969211334 -0.0000000000 0.0969211334 0.1746458477 0.2177798100 
0.2319271146 0.0572812668 -0.1604985431 -0.2574196765 -0.1604985431 0.0572812668 0.2319271146 0.0572812668 0.0141473046 -0.0396398666 -0.0635774097 -0.0396398666 0.0141473046 0.0572812668 -0.1604985431 -0.0396398666 0.1110684380 0.1781399434 0.1110684380 -0.0396398666 -0.1604985431 -0.2574196765 -0.0635774097 0.1781399434 0.2857142857 0.1781399434 -0.0635774097 -0.2574196765 -0.1604985431 -0.0396398666 0.1110684380 0.1781399434 0.1110684380 -0.0396398666 -0.1604985431 0.0572812668 0.0141473046 -0.0396398666 -0.0635774097 -0.0396398666 0.0141473046 0.0572812668 0.2319271146 0.0572812668 -0.1604985431 -0.2574196765 -0.1604985431 0.0572812668 0.2319271146 
0.2177798100 -0.1208586765 -0.2715669811 -0.0000000000 0.2715669811 0.1208586765 -0.2177798100 0.1746458477 -0.0969211334 -0.2177798100 -0.0000000000 0.2177798100 0.0969211334 -0.1746458477 0.0969211334 -0.0537871712 -0.1208586765 -0.0000000000 0.1208586765 0.0537871712 -0.0969211334 0.0000000000 -0.0000000000 -0.0000000000 -0.0000000000 0.0000000000 0.0000000000 -0.0000000000 -0.0969211334 0.0537871712 0.1208586765 0.0000000000 -0.1208586765 -0.0537871712 0.0969211334 -0.1746458477 0.0969211334 0.2177798100 0.0000000000 -0.2177798100 -0.0969211334 0.1746458477 -0.2177798100 0.1208586765 0.2715669811 0.0000000000 -0.2715669811 -0.1208586765 0.2177798100 
0.1259639620 -0.1820231989 -0.0449560175 0.2020305089 -0.0449560175 -0.1820231989 0.1259639620 0.1259639620 -0.1820231989 -0.0449560175 0.2020305089 -0.0449560175 -0.1820231989 0.1259639620 0.1259639620 -0.1820231989 -0.0449560175 0.2020305089 -0.0449560175 -0.1820231989 0.1259639620 0.1259639620 -0.1820231989 -0.0449560175 0.2020305089 -0.0449560175 -0.1820231989 0.1259639620 0.1259639620 -0.1820231989 -0.0449560175 0.2020305089 -0.0449560175 -0.1820231989 0.1259639620 0.1259639620 -0.1820231989 -0.0449560175 0.2020305089 -0.0449560175 -0.1820231989 0.1259639620 0.1259639620 -0.1820231989 -0.0449560175 0.2020305089 -0.0449560175 -0.1820231989 0.1259639620 
0.0876577526 0.0876577526 0.0876577526 0.0876577526 0.0876577526 0.0876577526 0.0876577526 -0.1969651822 -0.1969651822 -0.1969651822 -0.1969651822 -0.1969651822 -0.1969651822 -0.1969651822 0.1579538123 0.1579538123 0.1579538123 0.1579538123 0.1579538123 0.1579538123 0.1579538123 0.0000000000 0.0000000000 0.0000000000 0.0000000000 0.0000000000 0.0000000000 0.0000000000 -0.1579538123 -0.1579538123 -0.1579538123 -0.1579538123 -0.1579538123 -0.1579538123 -0.1579538123 0.1969651822 0.1969651822 0.1969651822 0.1969651822 0.1969651822 0.1969651822 0.1969651822 -0.0876577526 -0.0876577526 -0.0876577526 -0.0876577526 -0.0876577526 -0.0876577526 -0.0876577526 
0.1736736031 0.1392754160 0.0772920247 0.0000000000 -0.0772920247 -0.1392754160 -0.1736736031 -0.2509656278 -0.2012588073 -0.1116902118 -0.0000000000 0.1116902118 0.2012588073 0.2509656278 -0.0619833913 -0.0497068205 -0.0275852042 -0.0000000000 0.0275852042 0.0497068205 0.0619833913 0.2785508321 0.2233804236 0.1239667826 0.0000000000 -0.1239667826 -0.2233804236 -0.2785508321 -0.0619833913 -0.0497068205 -0.0275852042 -0.0000000000 0.0275852042 0.0497068205 0.0619833913 -0.2509656278 -0.2012588073 -0.1116902118 -0.0000000000 0.1116902118 0.2012588073 0.2509656278 0.1736736031 0.1392754160 0.0772920247 0.0000000000 -0.0772920247 -0.1392754160 -0.1736736031 
0.2012588073 0.0497068205 -0.1392754160 -0.2233804236 -0.1392754160 0.0497068205 0.2012588073 -0.1116902118 -0.0275852042 0.0772920247 0.1239667826 0.0772920247 -0.0275852042 -0.1116902118 -0.2509656278 -0.0619833913 0.1736736031 0.2785508321 0.1736736031 -0.0619833913 -0.2509656278 -0.0000000000 -0.0000000000 0.0000000000 0.0000000000 0.0000000000 -0.0000000000 -0.0000000000 0.2509656278 0.0619833913 -0.1736736031 -0.2785508321 -0.1736736031 0.0619833913 0.2509656278 0.1116902118 0.0275852042 -0.0772920247 -0.1239667826 -0.0772920247 0.0275852042 0.1116902118 -0.2012588073 -0.0497068205 0.1392754160 0.2233804236 0.1392754160 -0.0497068205 -0.2012588073 
0.2012588073 -0.1116902118 -0.2509656278 -0.0000000000 0.2509656278 0.1116902118 -0.2012588073 0.0497068205 -0.0275852042 -0.0619833913 -0.0000000000 0.0619833913 0.0275852042 -0.0497068205 -0.1392754160 0.0772920247 0.1736736031 0.0000000000 -0.1736736031 -0.0772920247 0.1392754160 -0.2233804236 0.1239667826 0.2785508321 0.0000000000 -0.2785508321 -0.1239667826 0.2233804236 -0.1392754160 0.0772920247 0.1736736031 0.0000000000 -0.1736736031 -0.0772920247 0.1392754160 0.0497068205 -0.0275852042 -0.0619833913 -0.0000000000 0.0619833913 0.0275852042 -0.0497068205 0.2012588073 -0.1116902118 -0.2509656278 -0.0000000000 0.2509656278 0.1116902118 -0.2012588073 
0.1736736031 -0.2509656278 -0.0619833913 0.2785508321 -0.0619833913 -0.2509656278 0.1736736031 0.1392754160 -0.2012588073 -0.0497068205 0.2233804236 -0.0497068205 -0.2012588073 0.1392754160 0.0772920247 -0.1116902118 -0.0275852042 0.1239667826 -0.0275852042 -0.1116902118 0.0772920247 0.0000000000 -0.0000000000 -0.0000000000 0.0000000000 -0.0000000000 -0.0000000000 0.0000000000 -0.0772920247 0.1116902118 0.0275852042 -0.1239667826 0.0275852042 0.1116902118 -0.0772920247 -0.1392754160 0.2012588073 0.0497068205 -0.2233804236 0.0497068205 0.2012588073 -0.1392754160 -0.1736736031 0.2509656278 0.0619833913 -0.2785508321 0.0619833913 0.2509656278 -0.1736736031 
0.0876577526 -0.1969651822 0.1579538123 0.0000000000 -0.1579538123 0.1969651822 -0.0876577526 0.0876577526 -0.1969651822 0.1579538123 0.0000000000 -0.1579538123 0.1969651822 -0.0876577526 0.0876577526 -0.1969651822 0.1579538123 0.0000000000 -0.1579538123 0.1969651822 -0.0876577526 0.0876577526 -0.1969651822 0.1579538123 0.0000000000 -0.1579538123 0.1969651822 -0.0876577526 0.0876577526 -0.1969651822 0.1579538123 0.0000000000 -0.1579538123 0.1969651822 -0.0876577526 0.0876577526 -0.1969651822 0.1579538123 0.0000000000 -0.1579538123 0.1969651822 -0.0876577526 0.0876577526 -0.1969651822 0.1579538123 0.0000000000 -0.1579538123 0.1969651822 -0.0876577526 
0.0449560175 0.0449560175 0.0449560175 0.0449560175 0.0449560175 0.0449560175 0.0449560175 -0.1259639620 -0.1259639620 -0.1259639620 -0.1259639620 -0.1259639620 -0.1259639620 -0.1259639620 0.1820231989 0.1820231989 0.1820231989 0.1820231989 0.1820231989 0.1820231989 0.1820231989 -0.2020305089 -0.2020305089 -0.2020305089 -0.2020305089 -0.2020305089 -0.2020305089 -0.2020305089 0.1820231989 0.1820231989 0.1820231989 0.1820231989 0.1820231989 0.1820231989 0.1820231989 -0.1259639620 -0.1259639620 -0.1259639620 -0.1259639620 -0.1259639620 -0.1259639620 -0.1259639620 0.0449560175 0.0449560175 0.0449560175 0.0449560175 0.0449560175 0.0449560175 0.0449560175 
0.1208586765 0.0969211334 0.0537871712 0.0000000000 -0.0537871712 -0.0969211334 -0.1208586765 -0.2715669811 -0.2177798100 -0.1208586765 -0.0000000000 0.1208586765 0.2177798100 0.2715669811 0.2177798100 0.1746458477 0.0969211334 0.0000000000 -0.0969211334 -0.1746458477 -0.2177798100 0.0000000000 0.0000000000 0.0000000000 0.0000000000 -0.0000000000 -0.0000000000 -0.0000000000 -0.2177798100 -0.1746458477 -0.0969211334 -0.0000000000 0.0969211334 0.1746458477 0.2177798100 0.2715669811 0.2177798100 0.1208586765 0.0000000000 -0.1208586765 -0.2177798100 -0.2715669811 -0.1208586765 -0.0969211334 -0.0537871712 -0.0000000000 0.0537871712 0.0969211334 0.1208586765 
0.1604985431 0.0396398666 -0.1110684380 -0.1781399434 -0.1110684380 0.0396398666 0.1604985431 -0.2319271146 -0.0572812668 0.1604985431 0.2574196765 0.1604985431 -0.0572812668 -0.2319271146 -0.0572812668 -0.0141473046 0.0396398666 0.0635774097 0.0396398666 -0.0141473046 -0.0572812668 0.2574196765 0.0635774097 -0.1781399434 -0.2857142857 -0.1781399434 0.0635774097 0.2574196765 -0.0572812668 -0.0141473046 0.0396398666 0.0635774097 0.0396398666 -0.0141473046 -0.0572812668 -0.2319271146 -0.0572812668 0.1604985431 0.2574196765 0.1604985431 -0.0572812668 -0.2319271146 0.1604985431 0.0396398666 -0.1110684380 -0.1781399434 -0.1110684380 0.0396398666 0.1604985431 
0.1746458477 -0.0969211334 -0.2177798100 -0.0000000000 0.2177798100 0.0969211334 -0.1746458477 -0.0969211334 0.0537871712 0.1208586765 0.0000000000 -0.1208586765 -0.0537871712 0.0969211334 -0.2177798100 0.1208586765 0.2715669811 0.0000000000 -0.2715669811 -0.1208586765 0.2177798100 -0.0000000000 0.0000000000 0.0000000000 0.0000000000 -0.0000000000 -0.0000000000 0.0000000000 0.2177798100 -0.1208586765 -0.2715669811 -0.0000000000 0.2715669811 0.1208586765 -0.2177798100 0.0969211334 -0.0537871712 -0.1208586765 -0.0000000000 0.1208586765 0.0537871712 -0.0969211334 -0.1746458477 0.0969211334 0.2177798100 0.0000000000 -0.2177798100 -0.0969211334 0.1746458477 
0.1604985431 -0.2319271146 -0.0572812668 0.2574196765 -0.0572812668 -0.2319271146 0.1604985431 0.0396398666 -0.0572812668 -0.0141473046 0.0635774097 -0.0141473046 -0.0572812668 0.0396398666 -0.1110684380 0.1604985431 0.0396398666 -0.1781399434 0.0396398666 0.1604985431 -0.1110684380 -0.1781399434 0.2574196765 0.0635774097 -0.2857142857 0.0635774097 0.2574196765 -0.1781399434 -0.1110684380 0.1604985431 0.0396398666 -0.1781399434 0.0396398666 0.1604985431 -0.1110684380 0.0396398666 -0.0572812668 -0.0141473046 0.0635774097 -0.0141473046 -0.0572812668 0.0396398666 0.1604985431 -0.2319271146 -0.0572812668 0.2574196765 -0.0572812668 -0.2319271146 0.1604985431 
0.1208586765 -0.2715669811 0.2177798100 0.0000000000 -0.2177798100 0.2715669811 -0.1208586765 0.0969211334 -0.2177798100 0.1746458477 0.0000000000 -0.1746458477 0.2177798100 -0.0969211334 0.0537871712 -0.1208586765 0.0969211334 0.0000000000 -0.0969211334 0.1208586765 -0.0537871712 0.0000000000 -0.0000000000 0.0000000000 0.0000000000 -0.0000000000 0.0000000000 -0.0000000000 -0.0537871712 0.1208586765 -0.0969211334 -0.0000000000 0.0969211334 -0.1208586765 0.0537871712 -0.0969211334 0.2177798100 -0.1746458477 -0.0000000000 0.1746458477 -0.2177798100 0.0969211334 -0.1208586765 0.2715669811 -0.2177798100 -0.0000000000 0.2177798100 -0.2715669811 0.1208586765 
0.0449560175 -0.1259639620 0.1820231989 -0.2020305089 0.1820231989 -0.1259639620 0.0449560175 0.0449560175 -0.1259639620 0.1820231989 -0.2020305089 0.1820231989 -0.1259639620 0.0449560175 0.0449560175 -0.1259639620 0.1820231989 -0.2020305089 0.1820231989 -0.1259639620 0.0449560175 0.0449560175 -0.1259639620 0.1820231989 -0.2020305089 0.1820231989 -0.1259639620 0.0449560175 0.0449560175 -0.1259639620 0.1820231989 -0.2020305089 0.1820231989 -0.1259639620 0.0449560175 0.0449560175 -0.1259639620 0.1820231989 -0.2020305089 0.1820231989 -0.1259639620 0.0449560175 0.0449560175 -0.1259639620 0.1820231989 -0.2020305089 0.1820231989 -0.1259639620 0.0449560175 
0.0619833913 0.0497068205 0.0275852042 0.0000000000 -0.0275852042 -0.0497068205 -0.0619833913 -0.1736736031 -0.1392754160 -0.0772920247 -0.0000000000 0.0772920247 0.1392754160 0.1736736031 0.2509656278 0.2012588073 0.1116902118 0.0000000000 -0.1116902118 -0.2012588073 -0.2509656278 -0.2785508321 -0.2233804236 -0.1239667826 -0.0000000000 0.1239667826 0.2233804236 0.2785508321 0.2509656278 0.2012588073 0.1116902118 0.0000000000 -0.1116902118 -0.2012588073 -0.2509656278 -0.1736736031 -0.1392754160 -0.0772920247 -0.0000000000 0.0772920247 0.1392754160 0.1736736031 0.0619833913 0.0497068205 0.0275852042 0.0000000000 -0.0275852042 -0.0497068205 -0.0619833913 
0.1116902118 0.0275852042 -0.0772920247 -0.1239667826 -0.0772920247 0.0275852042 0.1116902118 -0.2509656278 -0.0619833913 0.1736736031 0.2785508321 0.1736736031 -0.0619833913 -0.2509656278 0.2012588073 0.0497068205 -0.1392754160 -0.2233804236 -0.1392754160 0.0497068205 0.2012588073 0.0000000000 0.0000000000 -0.0000000000 -0.0000000000 -0.0000000000 0.0000000000 0.0000000000 -0.2012588073 -0.0497068205 0.1392754160 0.2233804236 0.1392754160 -0.0497068205 -0.2012588073 0.2509656278 0.0619833913 -0.1736736031 -0.2785508321 -0.1736736031 0.0619833913 0.2509656278 -0.1116902118 -0.0275852042 0.0772920247 0.1239667826 0.0772920247 -0.0275852042 -0.1116902118 
0.1392754160 -0.0772920247 -0.1736736031 -0.0000000000 0.1736736031 0.0772920247 -0.1392754160 -0.2012588073 0.1116902118 0.2509656278 0.0000000000 -0.2509656278 -0.1116902118 0.2012588073 -0.0497068205 0.0275852042 0.0619833913 0.0000000000 -0.0619833913 -0.0275852042 0.0497068205 0.2233804236 -0.1239667826 -0.2785508321 -0.0000000000 0.2785508321 0.1239667826 -0.2233804236 -0.0497068205 0.0275852042 0.0619833913 0.0000000000 -0.0619833913 -0.0275852042 0.0497068205 -0.2012588073 0.1116902118 0.2509656278 0.0000000000 -0.2509656278 -0.1116902118 0.2012588073 0.1392754160 -0.0772920247 -0.1736736031 -0.0000000000 0.1736736031 0.0772920247 -0.1392754160 
0.1392754160 -0.2012588073 -0.0497068205 0.2233804236 -0.0497068205 -0.2012588073 0.1392754160 -0.0772920247 0.1116902118 0.0275852042 -0.1239667826 0.0275852042 0.1116902118 -0.0772920247 -0.1736736031 0.2509656278 0.0619833913 -0.2785508321 0.0619833913 0.2509656278 -0.1736736031 -0.0000000000 0.0000000000 0.0000000000 -0.0000000000 0.0000000000 0.0000000000 -0.0000000000 0.1736736031 -0.2509656278 -0.0619833913 0.2785508321 -0.0619833913 -0.2509656278 0.1736736031 0.0772920247 -0.1116902118 -0.0275852042 0.1239667826 -0.0275852042 -0.1116902118 0.0772920247 -0.1392754160 0.2012588073 0.0497068205 -0.2233804236 0.0497068205 0.2012588073 -0.1392754160 
0.1116902118 -0.2509656278 0.2012588073 0.0000000000 -0.2012588073 0.2509656278 -0.1116902118 0.0275852042 -0.0619833913 0.0497068205 0.0000000000 -0.0497068205 0.0619833913 -0.0275852042 -0.0772920247 0.1736736031 -0.1392754160 -0.0000000000 0.1392754160 -0.1736736031 0.0772920247 -0.1239667826 0.2785508321 -0.2233804236 -0.0000000000 0.2233804236 -0.2785508321 0.1239667826 -0.0772920247 0.1736736031 -0.1392754160 -0.0000000000 0.1392754160 -0.1736736031 0.0772920247 0.0275852042 -0.0619833913 0.0497068205 0.0000000000 -0.0497068205 0.0619833913 -0.0275852042 0.1116902118 -0.2509656278 0.2012588073 0.0000000000 -0.2012588073 0.2509656278 -0.1116902118 
0.0619833913 -0.1736736031 0.2509656278 -0.2785508321 0.2509656278 -0.1736736031 0.0619833913 0.0497068205 -0.1392754160 0.2012588073 -0.2233804236 0.2012588073 -0.1392754160 0.0497068205 0.0275852042 -0.0772920247 0.1116902118 -0.1239667826 0.1116902118 -0.0772920247 0.0275852042 0.0000000000 -0.0000000000 0.0000000000 -0.0000000000 0.0000000000 -0.0000000000 0.0000000000 -0.0275852042 0.0772920247 -0.1116902118 0.1239667826 -0.1116902118 0.0772920247 -0.0275852042 -0.0497068205 0.1392754160 -0.2012588073 0.2233804236 -0.2012588073 0.1392754160 -0.0497068205 -0.0619833913 0.1736736031 -0.2509656278 0.2785508321 -0.2509656278 0.1736736031 -0.0619833913 
0.0572812668 0.0141473046 -0.0396398666 -0.0635774097 -0.0396398666 0.0141473046 0.0572812668 -0.1604985431 -0.0396398666 0.1110684380 0.1781399434 0.1110684380 -0.0396398666 -0.1604985431 0.2319271146 0.0572812668 -0.1604985431 -0.2574196765 -0.1604985431 0.0572812668 0.2319271146 -0.2574196765 -0.0635774097 0.1781399434 0.2857142857 0.1781399434 -0.0635774097 -0.2574196765 0.2319271146 0.0572812668 -0.1604985431 -0.2574196765 -0.1604985431 0.0572812668 0.2319271146 -0.1604985431 -0.0396398666 0.1110684380 0.1781399434 0.1110684380 -0.0396398666 -0.1604985431 0.0572812668 0.0141473046 -0.0396398666 -0.0635774097 -0.0396398666 0.0141473046 0.0572812668 
0.0969211334 -0.0537871712 -0.1208586765 -0.0000000000 0.1208586765 0.0537871712 -0.0969211334 -0.2177798100 0.1208586765 0.2715669811 0.0000000000 -0.2715669811 -0.1208586765 0.2177798100 0.1746458477 -0.0969211334 -0.2177798100 -0.0000000000 0.2177798100 0.0969211334 -0.1746458477 0.0000000000 -0.0000000000 -0.0000000000 -0.0000000000 0.0000000000 0.0000000000 -0.0000000000 -0.1746458477 0.0969211334 0.2177798100 0.0000000000 -0.2177798100 -0.0969211334 0.1746458477 0.2177798100 -0.1208586765 -0.2715669811 -0.0000000000 0.2715669811 0.1208586765 -0.2177798100 -0.0969211334 0.0537871712 0.1208586765 0.0000000000 -0.1208586765 -0.0537871712 0.0969211334 
0.1110684380 -0.1604985431 -0.0396398666 0.1781399434 -0.0396398666 -0.1604985431 0.1110684380 -0.1604985431 0.2319271146 0.0572812668 -0.2574196765 0.0572812668 0.2319271146 -0.1604985431 -0.0396398666 0.0572812668 0.0141473046 -0.0635774097 0.0141473046 0.0572812668 -0.0396398666 0.1781399434 -0.2574196765 -0.0635774097 0.2857142857 -0.0635774097 -0.2574196765 0.1781399434 -0.0396398666 0.0572812668 0.0141473046 -0.0635774097 0.0141473046 0.0572812668 -0.0396398666 -0.1604985431 0.2319271146 0.0572812668 -0.2574196765 0.0572812668 0.2319271146 -0.1604985431 0.1110684380 -0.1604985431 -0.0396398666 0.1781399434 -0.0396398666 -0.1604985431 0.1110684380 
0.0969211334 -0.2177798100 0.1746458477 0.0000000000 -0.1746458477 0.2177798100 -0.0969211334 -0.0537871712 0.1208586765 -0.0969211334 -0.0000000000 0.0969211334 -0.1208586765 0.0537871712 -0.1208586765 0.2715669811 -0.2177798100 -0.0000000000 0.2177798100 -0.2715669811 0.1208586765 -0.0000000000 0.0000000000 -0.0000000000 -0.0000000000 0.0000000000 -0.0000000000 0.0000000000 0.1208586765 -0.2715669811 0.2177798100 0.0000000000 -0.2177798100 0.2715669811 -0.1208586765 0.0537871712 -0.1208586765 0.0969211334 0.0000000000 -0.0969211334 0.1208586765 -0.0537871712 -0.0969211334 0.2177798100 -0.1746458477 -0.0000000000 0.1746458477 -0.2177798100 0.0969211334 
0.0572812668 -0.1604985431 0.2319271146 -0.2574196765 0.2319271146 -0.1604985431 0.0572812668 0.0141473046 -0.0396398666 0.0572812668 -0.0635774097 0.0572812668 -0.0396398666 0.0141473046 -0.0396398666 0.1110684380 -0.1604985431 0.1781399434 -0.1604985431 0.1110684380 -0.0396398666 -0.0635774097 0.1781399434 -0.2574196765 0.2857142857 -0.2574196765 0.1781399434 -0.0635774097 -0.0396398666 0.1110684380 -0.1604985431 0.1781399434 -0.1604985431 0.1110684380 -0.0396398666 0.0141473046 -0.0396398666 0.0572812668 -0.0635774097 0.0572812668 -0.0396398666 0.0141473046 0.0572812668 -0.1604985431 0.2319271146 -0.2574196765 0.2319271146 -0.1604985431 0.0572812668 
0.0497068205 -0.0275852042 -0.0619833913 -0.0000000000 0.0619833913 0.0275852042 -0.0497068205 -0.1392754160 0.0772920247 0.1736736031 0.0000000000 -0.1736736031 -0.0772920247 0.1392754160 0.2012588073 -0.1116902118 -0.2509656278 -0.0000000000 0.2509656278 0.1116902118 -0.2012588073 -0.2233804236 0.1239667826 0.2785508321 0.0000000000 -0.2785508321 -0.1239667826 0.2233804236 0.2012588073 -0.1116902118 -0.2509656278 -0.0000000000 0.2509656278 0.1116902118 -0.2012588073 -0.1392754160 0.0772920247 0.1736736031 0.0000000000 -0.1736736031 -0.0772920247 0.1392754160 0.0497068205 -0.0275852042 -0.0619833913 -0.0000000000 0.0619833913 0.0275852042 -0.0497068205 
0.0772920247 -0.1116902118 -0.0275852042 0.1239667826 -0.0275852042 -0.1116902118 0.0772920247 -0.1736736031 0.2509656278 0.0619833913 -0.2785508321 0.0619833913 0.2509656278 -0.1736736031 0.1392754160 -0.2012588073 -0.0497068205 0.2233804236 -0.0497068205 -0.2012588073 0.1392754160 0.0000000000 -0.0000000000 -0.0000000000 0.0000000000 -0.0000000000 -0.0000000000 0.0000000000 -0.1392754160 0.2012588073 0.0497068205 -0.2233804236 0.0497068205 0.2012588073 -0.1392754160 0.1736736031 -0.2509656278 -0.0619833913 0.2785508321 -0.0619833913 -0.2509656278 0.1736736031 -0.0772920247 0.1116902118 0.0275852042 -0.1239667826 0.0275852042 0.1116902118 -0.0772920247 
0.0772920247 -0.1736736031 0.1392754160 0.0000000000 -0.1392754160 0.1736736031 -0.0772920247 -0.1116902118 0.2509656278 -0.2012588073 -0.0000000000 0.2012588073 -0.2509656278 0.1116902118 -0.0275852042 0.0619833913 -0.0497068205 -0.0000000000 0.0497068205 -0.0619833913 0.0275852042 0.1239667826 -0.2785508321 0.2233804236 0.0000000000 -0.2233804236 0.2785508321 -0.1239667826 -0.0275852042 0.0619833913 -0.0497068205 -0.0000000000 0.0497068205 -0.0619833913 0.0275852042 -0.1116902118 0.2509656278 -0.2012588073 -0.0000000000 0.2012588073 -0.2509656278 0.1116902118 0.0772920247 -0.1736736031 0.1392754160 0.0000000000 -0.1392754160 0.1736736031 -0.0772920247 
0.0497068205 -0.1392754160 0.2012588073 -0.2233804236 0.2012588073 -0.1392754160 0.0497068205 -0.0275852042 0.0772920247 -0.1116902118 0.1239667826 -0.1116902118 0.0772920247 -0.0275852042 -0.0619833913 0.1736736031 -0.2509656278 0.2785508321 -0.2509656278 0.1736736031 -0.0619833913 -0.0000000000 0.0000000000 -0.0000000000 0.0000000000 -0.0000000000 0.0000000000 -0.0000000000 0.0619833913 -0.1736736031 0.2509656278 -0.2785508321 0.2509656278 -0.1736736031 0.0619833913 0.0275852042 -0.0772920247 0.1116902118 -0.1239667826 0.1116902118 -0.0772920247 0.0275852042 -0.0497068205 0.1392754160 -0.2012588073 0.2233804236 -0.2012588073 0.1392754160 -0.0497068205 
0.0396398666 -0.0572812668 -0.0141473046 0.0635774097 -0.0141473046 -0.0572812668 0.0396398666 -0.1110684380 0.1604985431 0.0396398666 -0.1781399434 0.0396398666 0.1604985431 -0.1110684380 0.1604985431 -0.2319271146 -0.0572812668 0.2574196765 -0.0572812668 -0.2319271146 0.1604985431 -0.1781399434 0.2574196765 0.0635774097 -0.2857142857 0.0635774097 0.2574196765 -0.1781399434 0.1604985431 -0.2319271146 -0.0572812668 0.2574196765 -0.0572812668 -0.2319271146 0.1604985431 -0.1110684380 0.1604985431 0.0396398666 -0.1781399434 0.0396398666 0.1604985431 -0.1110684380 0.0396398666 -0.0572812668 -0.0141473046 0.0635774097 -0.0141473046 -0.0572812668 0.0396398666 
0.0537871712 -0.1208586765 0.0969211334 0.0000000000 -0.0969211334 0.1208586765 -0.0537871712 -0.1208586765 0.2715669811 -0.2177798100 -0.0000000000 0.2177798100 -0.2715669811 0.1208586765 0.0969211334 -0.2177798100 0.1746458477 0.0000000000 -0.1746458477 0.2177798100 -0.0969211334 0.0000000000 -0.0000000000 0.0000000000 0.0000000000 -0.0000000000 0.0000000000 -0.0000000000 -0.0969211334 0.2177798100 -0.1746458477 -0.0000000000 0.1746458477 -0.2177798100 0.0969211334 0.1208586765 -0.2715669811 0.2177798100 0.0000000000 -0.2177798100 0.2715669811 -0.1208586765 -0.0537871712 0.1208586765 -0.0969211334 -0.0000000000 0.0969211334 -0.1208586765 0.0537871712 
0.0396398666 -0.1110684380 0.1604985431 -0.1781399434 0.1604985431 -0.1110684380 0.0396398666 -0.0572812668 0.1604985431 -0.2319271146 0.2574196765 -0.2319271146 0.1604985431 -0.0572812668 -0.0141473046 0.0396398666 -0.0572812668 0.0635774097 -0.0572812668 0.0396398666 -0.0141473046 0.0635774097 -0.1781399434 0.2574196765 -0.2857142857 0.2574196765 -0.1781399434 0.0635774097 -0.0141473046 0.0396398666 -0.0572812668 0.0635774097 -0.0572812668 0.0396398666 -0.0141473046 -0.0572812668 0.1604985431 -0.2319271146 0.2574196765 -0.2319271146 0.1604985431 -0.0572812668 0.0396398666 -0.1110684380 0.1604985431 -0.1781399434 0.1604985431 -0.1110684380 0.0396398666 
0.0275852042 -0.0619833913 0.0497068205 0.0000000000 -0.0497068205 0.0619833913 -0.0275852042 -0.0772920247 0.1736736031 -0.1392754160 -0.0000000000 0.1392754160 -0.1736736031 0.0772920247 0.1116902118 -0.2509656278 0.2012588073 0.0000000000 -0.2012588073 0.2509656278 -0.1116902118 -0.1239667826 0.2785508321 -0.2233804236 -0.0000000000 0.2233804236 -0.2785508321 0.1239667826 0.1116902118 -0.2509656278 0.2012588073 0.0000000000 -0.2012588073 0.2509656278 -0.1116902118 -0.0772920247 0.1736736031 -0.1392754160 -0.0000000000 0.1392754160 -0.1736736031 0.0772920247 0.0275852042 -0.0619833913 0.0497068205 0.0000000000 -0.0497068205 0.0619833913 -0.0275852042 
0.0275852042 -0.0772920247 0.1116902118 -0.1239667826 0.1116902118 -0.0772920247 0.0275852042 -0.0619833913 0.1736736031 -0.2509656278 0.2785508321 -0.2509656278 0.1736736031 -0.0619833913 0.0497068205 -0.1392754160 0.2012588073 -0.2233804236 0.2012588073 -0.1392754160 0.0497068205 0.0000000000 -0.0000000000 0.0000000000 -0.0000000000 0.0000000000 -0.0000000000 0.0000000000 -0.0497068205 0.1392754160 -0.2012588073 0.2233804236 -0.2012588073 0.1392754160 -0.0497068205 0.0619833913 -0.1736736031 0.2509656278 -0.2785508321 0.2509656278 -0.1736736031 0.0619833913 -0.0275852042 0.0772920247 -0.1116902118 0.1239667826 -0.1116902118 0.0772920247 -0.0275852042 
0.0141473046 -0.0396398666 0.0572812668 -0.0635774097 0.0572812668 -0.0396398666 0.0141473046 -0.0396398666 0.1110684380 -0.1604985431 0.1781399434 -0.1604985431 0.1110684380 -0.0396398666 0.0572812668 -0.1604985431 0.2319271146 -0.2574196765 0.2319271146 -0.1604985431 0.0572812668 -0.0635774097 0.1781399434 -0.2574196765 0.2857142857 -0.2574196765 0.1781399434 -0.0635774097 0.0572812668 -0.1604985431 0.2319271146 -0.2574196765 0.2319271146 -0.1604985431 0.0572812668 -0.0396398666 0.1110684380 -0.1604985431 0.1781399434 -0.1604985431 0.1110684380 -0.0396398666 0.0141473046 -0.0396398666 0.0572812668 -0.0635774097 0.0572812668 -0.0396398666 0.0141473046 